      0/79    0.845G   0.04296   0.02093    0.0123   0.07619         3       640    0.5631    0.9387    0.9037    0.5664   0.01954  0.009349  0.003888
      1/79    0.845G   0.03097   0.01461  0.005793   0.05138         7       640    0.6244    0.9457    0.9296    0.6224   0.01757  0.008973  0.002865
      2/79    0.845G    0.0299   0.01457  0.005146   0.04961         3       640     0.541    0.9317    0.9236    0.6307   0.01829  0.009591  0.002189
      3/79    0.845G   0.02846   0.01492  0.004746   0.04813         6       640    0.6331     0.928    0.9246    0.6419   0.01737  0.009302  0.002218
      4/79    0.845G   0.02647   0.01442  0.004263   0.04516        10       640    0.6602    0.9382    0.9347    0.6604   0.01654  0.008938  0.001919
      5/79    0.845G   0.02532   0.01403  0.004168   0.04352        15       640    0.6623    0.9469    0.9507    0.6921   0.01583   0.00864  0.001563
      6/79    0.845G   0.02429   0.01358  0.003658   0.04152         7       640    0.6665    0.9516    0.9524    0.6993   0.01545  0.008518  0.001253
      7/79    0.845G   0.02394   0.01345  0.003583   0.04097         6       640    0.6604    0.9281    0.9381    0.6991   0.01558   0.00855  0.001541
      8/79    0.845G   0.02315   0.01308  0.003604   0.03984         1       640    0.6768    0.9516    0.9547    0.7161   0.01501  0.008168  0.001514
      9/79    0.845G   0.02304   0.01297  0.003336   0.03935         5       640    0.7247    0.9516    0.9549    0.7272    0.0148  0.008096  0.001325
     10/79    0.845G   0.02237   0.01279  0.003179   0.03834         5       640    0.6812    0.9527    0.9552    0.7153    0.0146  0.008311  0.001078
     11/79    0.845G   0.02237   0.01277   0.00309   0.03823         5       640    0.7557    0.9557     0.961    0.7378   0.01449  0.007951   0.00109
     12/79    0.845G   0.02188   0.01274  0.003098   0.03771         1       640    0.7005    0.9469    0.9551     0.729    0.0142  0.008011  0.001167
     13/79    0.845G   0.02214    0.0126  0.002925   0.03767         2       640    0.7997    0.9474    0.9629    0.7287   0.01436  0.007844 0.0009722
     14/79    0.845G   0.02143   0.01244  0.002751   0.03663         5       640     0.761    0.9514     0.962    0.7348   0.01395  0.007849 0.0009167
     15/79    0.845G   0.02148   0.01247  0.002701   0.03665         5       640    0.7151    0.9558    0.9613    0.7433   0.01381  0.007854  0.000941
     16/79    0.845G    0.0213   0.01236  0.002701   0.03637         4       640     0.757    0.9498    0.9545    0.7441    0.0136    0.0077  0.001117
     17/79    0.845G   0.02102   0.01237   0.00269   0.03608         4       640    0.7449    0.9508    0.9613    0.7489   0.01332  0.007546   0.00115
     18/79    0.845G   0.02081   0.01229  0.002583   0.03568         1       640    0.7957    0.9532     0.965     0.759   0.01342  0.007475  0.001035
     19/79    0.845G   0.02057   0.01211  0.002657   0.03534         2       640    0.7962    0.9574    0.9665    0.7592   0.01336  0.007471 0.0009614
     20/79    0.845G   0.02066   0.01215  0.002612   0.03543         8       640    0.7989    0.9592    0.9662    0.7614   0.01323  0.007548  0.001046
     21/79    0.845G   0.02046   0.01198   0.00247   0.03491         3       640    0.8478    0.9563    0.9685    0.7619   0.01309   0.00754 0.0007758
     22/79    0.847G    0.0203   0.01195  0.002442    0.0347         3       640    0.7957    0.9568     0.969    0.7646   0.01297  0.007503  0.000751
     23/79    0.847G   0.02019   0.01179  0.002269   0.03425         4       640    0.8073     0.965    0.9704    0.7704   0.01286  0.007364 0.0007999
     24/79    0.847G   0.01985   0.01184  0.002358   0.03405         7       640    0.8174    0.9592    0.9686    0.7734   0.01269   0.00726 0.0008473
     25/79    0.847G      0.02   0.01194    0.0024   0.03433         4       640    0.7916    0.9563    0.9673    0.7701    0.0127  0.007334 0.0008627
     26/79    0.847G   0.01982   0.01161  0.002306   0.03374         5       640     0.831    0.9597    0.9708    0.7702   0.01272  0.007257 0.0007103
     27/79    0.847G   0.01971   0.01157  0.002252   0.03353         3       640    0.8196    0.9639    0.9679    0.7753   0.01268   0.00728  0.000841
     28/79    0.847G   0.01956   0.01171   0.00229   0.03356         7       640    0.8295    0.9627    0.9726    0.7879    0.0125  0.007187 0.0006225
     29/79    0.847G   0.01916   0.01153  0.002181   0.03287         2       640    0.8361    0.9692    0.9721    0.7831   0.01241  0.007248 0.0006058
     30/79    0.847G   0.01935   0.01154   0.00207   0.03296         8       640    0.8268    0.9686    0.9728    0.7819   0.01231   0.00717 0.0005798
     31/79    0.847G   0.01929   0.01143  0.002211   0.03293         5       640    0.8529    0.9668    0.9714     0.782   0.01218  0.007058 0.0006091
     32/79    0.847G   0.01909    0.0114  0.002133   0.03263         4       640    0.8138    0.9663    0.9728    0.7852   0.01223  0.007074 0.0006119
     33/79    0.847G   0.01912   0.01146  0.002156   0.03273         5       640    0.8344     0.968    0.9731    0.7822   0.01231  0.007183 0.0006038
     34/79    0.847G   0.01887   0.01133  0.002082   0.03229         8       640    0.8507    0.9627    0.9717    0.7903   0.01214   0.00705 0.0006059
     35/79    0.847G   0.01879   0.01126  0.002039   0.03209         4       640    0.8508    0.9709    0.9731    0.7878   0.01204  0.007016  0.000683
     36/79    0.847G   0.01863   0.01114  0.001841   0.03161        11       640    0.8477     0.965    0.9733    0.7854   0.01211  0.006981 0.0006908
     37/79    0.847G   0.01861   0.01108  0.002004   0.03169         8       640    0.8573    0.9609    0.9738    0.7873   0.01205  0.006958 0.0006577
     38/79    0.847G   0.01846   0.01103  0.001995   0.03149         6       640    0.8481    0.9633    0.9731    0.7903   0.01205  0.006979 0.0005862
     39/79    0.847G    0.0181   0.01092   0.00185   0.03087         7       640    0.8405    0.9674    0.9732    0.7958   0.01206   0.00698 0.0005792
     40/79    0.847G   0.01822     0.011  0.001929   0.03115         5       640    0.8511    0.9657    0.9728    0.7991   0.01191  0.006957  0.000594
     41/79    0.847G   0.01801   0.01087  0.001728   0.03061         3       640    0.8517    0.9627    0.9736    0.8025   0.01185   0.00694 0.0005918
     42/79    0.847G   0.01804   0.01075  0.001811    0.0306         5       640    0.8317    0.9643    0.9725    0.8031   0.01178  0.006886 0.0005868
     43/79    0.847G   0.01794   0.01073   0.00186   0.03053         7       640    0.8387    0.9642    0.9729    0.7981   0.01177  0.006872 0.0006575
     44/79    0.847G   0.01774   0.01078  0.001792   0.03032         3       640    0.8371    0.9585    0.9737    0.7967   0.01177  0.006886 0.0007419
     45/79    0.847G   0.01773   0.01065  0.001931   0.03031         5       640    0.8416     0.955    0.9711    0.7988   0.01181  0.006899 0.0007209
     46/79    0.847G   0.01763   0.01073  0.001805   0.03017        14       640    0.8353    0.9538    0.9717    0.7962   0.01178  0.006894 0.0007181
     47/79    0.847G   0.01756   0.01059  0.001591   0.02974        11       640    0.8328    0.9579    0.9732    0.7975   0.01165  0.006868 0.0006443
     48/79    0.847G   0.01767   0.01077  0.001567   0.03001         4       640    0.8471    0.9568     0.974    0.7975   0.01166   0.00691  0.000608
     49/79    0.847G    0.0173   0.01047  0.001643   0.02941         6       640     0.843    0.9568    0.9733    0.7983   0.01167  0.006943 0.0005997
     50/79    0.847G   0.01733   0.01044  0.001697   0.02947         3       640    0.8358    0.9574    0.9722    0.8006   0.01164  0.006903 0.0006528
     51/79    0.847G   0.01717   0.01045  0.001592   0.02921         6       640    0.8376    0.9585     0.972    0.8009   0.01162  0.006892 0.0006839
     52/79    0.847G   0.01716   0.01038  0.001639   0.02919         6       640    0.8418    0.9579    0.9727    0.8025   0.01157  0.006867 0.0006822
     53/79    0.847G   0.01689   0.01027  0.001452   0.02861         8       640    0.8561    0.9562    0.9727    0.8033   0.01158   0.00685 0.0006619
     54/79    0.847G   0.01695   0.01043  0.001511   0.02889         4       640    0.8571    0.9579    0.9732     0.803   0.01154  0.006831 0.0006899
     55/79    0.847G   0.01666   0.01023  0.001414   0.02831         2       640    0.8527    0.9593    0.9731    0.8033   0.01152  0.006819 0.0006727
     56/79    0.847G   0.01656   0.01017   0.00141   0.02815         3       640     0.853    0.9603    0.9735     0.805   0.01147  0.006783 0.0006909
     57/79    0.847G   0.01663   0.01021  0.001375   0.02821         6       640    0.8627    0.9615    0.9728     0.806   0.01146  0.006764 0.0007047
     58/79    0.847G   0.01648   0.01008   0.00144   0.02801         1       640    0.8675    0.9599    0.9732    0.8055   0.01144  0.006729 0.0007224
     59/79    0.847G   0.01641   0.01027  0.001459   0.02815         6       640    0.8697    0.9594    0.9724    0.8052   0.01143  0.006714 0.0007223
     60/79    0.847G   0.01633   0.01015  0.001267   0.02775         7       640    0.8774    0.9568    0.9723    0.8047   0.01143  0.006705 0.0007261
     61/79    0.847G   0.01625  0.009929  0.001409   0.02758         3       640    0.8763    0.9574    0.9724    0.8056   0.01142  0.006698 0.0007358
     62/79    0.847G   0.01605  0.009916  0.001328    0.0273         3       640    0.8726    0.9609    0.9725    0.8052   0.01141  0.006694 0.0007475
     63/79    0.847G   0.01607  0.009866  0.001297   0.02723         6       640    0.8681    0.9603    0.9723    0.8059   0.01139  0.006687 0.0007494
     64/79    0.847G   0.01599  0.009906  0.001243   0.02714         6       640    0.8713    0.9603    0.9724    0.8074   0.01139  0.006684 0.0007508
     65/79    0.847G   0.01579  0.009746  0.001189   0.02672         6       640    0.8726    0.9592    0.9724    0.8075   0.01138  0.006679 0.0007561
     66/79    0.847G   0.01596  0.009855  0.001154   0.02697         4       640    0.8711    0.9556    0.9722     0.806   0.01138  0.006675 0.0007709
     67/79    0.847G   0.01576  0.009676  0.001203   0.02663         1       640     0.871    0.9558    0.9718    0.8062   0.01138  0.006677 0.0007812
     68/79    0.847G   0.01573   0.00977   0.00138   0.02688         8       640    0.8725    0.9556    0.9719    0.8067   0.01136  0.006672 0.0007919
     69/79    0.847G   0.01567  0.009785  0.001298   0.02676         9       640    0.8708    0.9568    0.9718    0.8082   0.01135  0.006666 0.0007924
     70/79    0.847G   0.01571  0.009731  0.001263    0.0267         8       640    0.8752    0.9562    0.9716    0.8092   0.01135  0.006669 0.0007889
     71/79    0.847G   0.01565  0.009728  0.001232   0.02661         7       640    0.8747    0.9568    0.9716    0.8085   0.01134  0.006661 0.0007871
     72/79    0.847G   0.01565   0.00966  0.001012   0.02632         0       640    0.8738    0.9574    0.9716    0.8087   0.01133  0.006658  0.000783
     73/79    0.847G   0.01554  0.009623  0.001117   0.02628         2       640    0.8746    0.9562    0.9712    0.8092   0.01132  0.006657 0.0007958
     74/79    0.847G   0.01539  0.009502  0.001105     0.026         5       640    0.8741    0.9562     0.971    0.8092   0.01132  0.006651 0.0007975
     75/79    0.847G   0.01556   0.00956   0.00125   0.02637         3       640    0.8728    0.9568    0.9707    0.8092   0.01131  0.006647 0.0008062
     76/79    0.847G   0.01541  0.009572  0.001069   0.02605         7       640     0.873    0.9568    0.9707     0.809   0.01131  0.006639 0.0008045
     77/79    0.847G    0.0153  0.009508  0.001085   0.02589         6       640    0.8724    0.9568    0.9708    0.8093    0.0113  0.006635 0.0008043
     78/79    0.847G   0.01525   0.00947  0.001223   0.02595         5       640    0.8709    0.9562    0.9709    0.8096   0.01129  0.006632 0.0008038
     79/79    0.847G   0.01525  0.009423  0.001229    0.0259         6       640    0.8709    0.9562    0.9711    0.8096   0.01128  0.006628 0.0008085
